"ComputationTime"
1532.62100000001
